1511284520
1511254489
1511244572
1511234665
1511250566
1511252725
1511226720
1511224579
1511244743
1511228806
1511234514
1511232729
1511220801
1511227920
1511306912
1511342615
1511348417
1511358557
1511238732
1511232909
1511226727
1511342558
1511220948
1511250970
1511249003
1511249019
1511257017
1511235061
1511254758
1511239111
1511251111
1511244654
1511221135
1511241168
1511240847
1511231180
1511247217
1511227216
1511394562
1511231259
1511235167
1511221581
1511219904
1511253967
1511248054
1511254692
1511382083
1511269520
1511274844
1511227372
1511295830
1511276771
1511220278
1511252112
1511265176
1511266340
1511268349
1511298054
1511241688
1511241275
1511281461
1511249936
1511255755
1511259273
1511264833
1511264969
1511281306
1511280444
1511309909
1511220875
1511284318
1511306606
1511346408
1511298992
1511292049
1511291026
1511370945
1511395298
1511365420
1511391717
1511354291
1511359419
1511341580
1511355501
1511345427
1511358911
1511387368
1511390274
1511356826
1511341769
1511355066
1511354874
1511340012
1511364303
1511439946
1511348854
1511365747
1511388252
1511277819
1511352902
1511287377
1511300657
1511356460
1511367996
1511352759
1511377150
1511348091
1511474095
1511289576
1511447462
1511464245
1511446190
1511352765
1511450424
1511303649
1511440898
1511444870
1511474822
1511292428
1511536828
1511554575
1511537784
1511283589
1511462760
1511487410
1511497570
1511524538
1511525073
1511528154
1511534243
1511541195
1511541218
1511528291
1511542431
1511528315
1511548426
1511547554
1511558584
1511395728
1511630433
1511560939
1511353494
1511546891
1511470466
1511614409
1511600444
1511552039
1511543021
1511543058
1511548168
1511548181
1511551189
1511559145
1511559880
1511553125
1511547319
1511612614
1511618676
1511622601
1511622930
1511624789
1511622632
1511628865
1511618902
1511242188
1511533314
1511630938
1511566403
1511597098
1511623167
1511635138
1511625368
1511623300
1511635396
1511623468
1511631514
1511613596
1511633607
1511631713
1511599717
1511542906
1511687967
1511710315
1511656662
1511656864
1511625969
1511352414
1511682661
1511607151
1511627929
1511693703
1511628332
1511599290
1511600000
1511683177
1511636093
1511605726
1511638892
1511660827
1511661759
1511665789
1511666032
1511666610
1511647451
1511614028
1511667745
1511650508
1511616338
1511620301
1511259865
1511228142
1511347392
1511627513
1511670918
1511671336
1511652726
1511602577
1511614516
1511611027
1511622974
1511676931
1511799468
1511620151
1511805871
1511842772
1511844630
1511810392
1511815523
1511848981
1511729540
1511851326
1511819332
1511855358
1511855878
1511821010
1511858505
1511740716
1511860585
1511743749
1511712787
1511260133
1511728702
1511600156
1511880609
1511885523
1511885884
1511773383
1511606941
1511782836
1511896640
1511947652
1512009477
1511991008
1511956113
1511891457
1512002091
1512009326
1512010413
1512011251
1511904652
1512016158
1511907094
1511393269
1511975003
1511650728
1512042986
1512048308
1512048934
1512049198
1511915292
1512054597
1511917223
1511983739
1511917952
1512061563
1511781768
1512068715
1512070182
1512111627
1511798619
1512085516
1512088444
1512284962
1511621451
1512051136
1512051225
1512071421
1512076729
1512224988
1512225266
1511678414
1512146176
1512146694
1511968950
1512015768
1512027737
1512153007
1511618723
1511752652
1512155855
1511985061
1511989698
1512242827
1512096448
1512244575
1512157294
1512345037
1512345503
1512351339
1512361649
1512282678
1511861974
1512370450
1512473752
1512121729
1512371144
1512268019
1512410299
1512325486
1512366852
1512413616
1512431503
1512122372
1512416230
1511610228
1512435363
1512419154
1512420077
1512390734
1511276739
1512508764
1512493737
1512526783
1512088511
1512485756
1511904657
1512258563
1511743704
1511757398
1512512659
1512482102
1511854351
1512281610
1512545425
1511902235
1512546561
1700000991
1512417278
1511845011
1700001081
1511832794
1512513646
1512231135
1512551401
1512300930
1511547102
1511641545
1512563478
1700001831
1700001373
1512056712
1700006194
1700011946
1511608236
1512055778
1511620573
1700023113
1700023567
1700032483
1700035594
1700038470
1511622105
1512656637
1700001645
1512204424
1512388586
1511653751
1700017301
1700049683
1700068118
1512478500
1700079355
1700854899
1709586547
1711601311
1712272472
1708969456
1713010045
1705412443
1713341769
1708367745
1712478407
1711748767
1709088201
1706794112
1700756582
1711682458
1712333613
1712323352
1713352641
1710299463
1713169397
1512518893
1713404618
1712840794
1712276661
1713536652
1713536379
1713547045
1713537854
1713471906
1712095981
1709336777
1711624894
1711906247
1706574606
1712667083
1709692399
1710796014
1711706733
1712478401
1708926883
1713940211
1713886704
1713892204
1708448988
1712297580
1712450355
1713572386
1706737074
1711477591
1713016866
1713870810
1713210221
1713947984
1511713040
1713172105
1709925473
1708852099
1708294313
1711650497
1707100743
1713420276
1711833250
1712160897
1713887755
1712161925
1707921056
1706575030
1713400020
1709677809
1713945393
1711222787
1708750893
1711708864
1702450740
1713018172
1713036650
1713921666
1709378432
1714103377
1713419683
1714126763
1710893867
1703934139
1706724779
1700527072
1713631639
1714120620
1713311864
1711121011
1710840951
1710803387
1706693296
1714244886
1714094009
1712613505
1713572186
1712663097
1714229845
1707530998
1511890224
1714114710
1706737152
1713434394
1713571415
1712553566
1713824651
1711786669
1711396348
1710474052
1709596198
1710280576
1708522553
1710099364
1710948789
1704588199
1712662415
1712648433
1714211860
1714220939
1712870354
1712831373
1713414560
1712622120
1713953903
1714064594
1713213814
1713011963
1714217925
1709965985
1707814948
1714222812
1713362659
1711635917
1712169398
1714238191
1712394449
1714230371
1714364040
1713226944
1714110288
1713216879
1711615407
1713403362
1714371121
1704804227
1712305749
1712301756
1712531965
1713948437
1714511591
1707897704
1714508976
1713381493
1714470814
1714438787
1714542661
1714523215
1713905026
1714549301
1714104246
1705515988
1700885166
1713564739
1714711326
1714067917
1714074878
1714664704
1714256905
1714226611
1714836181
1714920347
1709960620
1714406769
1713585377
1714913430
1714938472
1714507038
1708625690
1714935197
1711054585
1714941666
1713073504
1714950320
1710613755
1714905851
1713410389
1714915074
1714920362
1713830620
1710953177
1713438270
1714112371
1708985998
1713927415
1714409416
1703271214
1714413866
1714918981
1708984719
1712823348
1715019842
1713256225
1709706900
1711496561
1714952592
1714563343
1715076981
1714454842
1715088127
1715027955
1713528722
1715159730
1714919645
1714363259
1715159657
1715155929
1712377075
1713336949
1705554711
1715177054
1712962748
1714111347
1714693304
1715060570
1715072426
1711270683
1714120041
1713543322
1714225929
1708970107
1710744491
1714520395
1715192751
1714204291
1714920046
1711961227
1714340390
1714948754
1715142997
1714448374
1714704471
1512325741
1706626457
1712095978
1714794781
1715489788
1715289871
1715498124
1708296812
1711645988
1707638310
1714946938
1713366768
1700161327
1714520088
1715032773
1715492531
1710457901
1715518013
1715508480
1714703410
1715514144
1711271775
1711749096
1713420181
1715512886
1714129334
1706740270
1715347672
1716010688
1715384055
1707338774
1708302702
1511600871
1716166246
1715517663
1704668872
1709731347
1715952017
1713182529
1714557268
1716295218
1708202110
1715690891
1716019904
1706427432
1715669131
1716442682
1716294124
1716342146
1716445022
1714698079
1716446375
1716357147
1716454219
1716174485
1512256140
1705119950
1704261281
1715780275
1705555067
1512068281
1716498936
1716002372
1715582984
1716280271
1716016293
1716567172
1713152614
1716299566
1716578509
1715621819
1715740012
1716614597
1715645815
1716616961
1715682267
1711919353
1716611914
1716133147
1716640476
1716571768
1708550853
1716625380
1717074171
1716721649
1716688345
1703329357
1717161828
1716784514
1708296825
1716346788
1717074052
1712495405
1712656457
1716043507
1708845524
1706672056
1717124780
1702990818
1703273378
1717211380
1713215155
1717243731
1711362344
1716625105
1717228842
1715789618
1716343864
1716417298
1717199083
1717231694
1711610678
1716173462
1717317119
1716645629
1714265680
1711792521
1717327279
1715181202
1700047113
1716179972
1717206497
1713564255
1712676684
1714735374
1717067493
1713025271
1717358159
1714947645
1714904429
1717365073
1714551752
1716702503
1715550798
1717072760
1717461619
1717461166
1717463418
1716232631
1714435801
1716287656
1713482506
1707983310
1700688061
1717481034
1716883191
1700687805
1714217812
1717501657
1714356678
1716478998
1714814276
1717095924
1717590864
1715743968
1717683990
1713336915
1717307947
1717067310
1717748204
1714111357
1712708075
1717556093
1716476590
1716491315
1714826731
1713263340
1709962059
1716173240
1706504041
1715655267
1717982918
1716957383
1714560367
1718011862
1718011107
1715188815
1715961568
1717109638
1717738605
1718013018
1717552731
1717492965
1717367229
1717495674
1718024308
1715952936
1717959845
1717677880
1718099122
1718029187
1717016063
1716953632
1717446345
1716555590
1718013978
1712043025
1702560658
1716462236
1717967678
1717592820
1713508449
1717598751
1716358727
1705108403
1718095540
1718056947
1717107532
1718198307
1718126188
1718203731
1717731508
1718210090
1717378466
1704588674
1717569534
1716342920
1512309179
1717489748
1717458884
1718096740
1718133310
1711624974
1718238510
1717255929
1706801353
1718099593
1718344388
1716588014
1718255265
1718333112
1718258808
1718391218
1716191128
1717683189
1714213586
1718146555
1716459076
1715635313
1715263760
1716345708
1716130571
1718535246
1715950644
1718492197
1718681603
1706735280
1718623477
1718212072
1718390985
1716713997
1716104704
1717458857
1718854091
1717207533
1718098484
1718856016
1716737085
1718018628
1714082279
1715947609
1711965139
1715739914
1717645846
1718034521
1717728201
1718886040
1718953883
1718520494
1717058395
1718912831
1716702303
1716461692
1714406082
1718958274
1511822974
1718980307
1718393519
1701397525
1718957333
1700017435
1717528634
1702350925
1711787010
1714066509
1719046891
1717241949
1718682717
1704413305
1719073182
1719067085
1719096794
1718854650
1718911279
1718841049
1719085590
1719067092
1702711299
1717535128
1705048443
1719125907
1718525820
1713206905
1719140734